140.601059 38.882361
140.648531 38.864043
140.736847 38.690325
140.745501 39.068315
140.976803 38.747575
140.698617 38.898959
140.718054 38.950407
140.873441 38.901543
140.874766 39.089533
140.642068 38.768100
140.540424 38.813263
140.681170 38.718520
140.761100 38.756782
140.751278 38.738048
140.543446 38.822144
140.705878 38.792133
140.664511 39.016560
140.608658 39.062128
140.600103 39.055455
140.815597 38.928400
140.828842 38.966900
140.775519 38.924880
140.843918 39.029734
140.861877 38.939850
140.856549 38.911500
140.720290 38.800592
140.950862 38.836311
140.801438 38.972331
140.625923 38.841551
140.615133 38.940584
140.587374 38.917386
140.657831 38.886313
140.635816 38.804839
140.733673 38.811525
140.656962 38.827737
140.678159 38.778439
140.606694 38.871284
140.637928 38.863625
140.631021 38.897861
140.644541 38.787121
140.725475 38.842250
140.671729 38.797786
140.677764 38.928364
140.674449 38.821567
